PI
0.00875147
0.000938761
0.000874012
0.00116216
0.00139883
0.00202314
0.00276805
0.0043893
0.00620482
0.00658023
0.0055684
0.00460807
0.00700632
0.010146
0.00808594
0.00675308
0.00805796
0.00761712
0.00671957
0.00635521
0.00484269
0.00559417
0.00794624
0.00820952
0.00938057
0.00894019
0.00901381
0.0086092
0.00711219
0.0083471
0.00955576
0.00986948
0.00749023
0.00579041
0.00739799
0.0072226
0.00807302
0.00758684
0.00567834
0.00580606
0.0061589
0.00669394
0.00645843
0.00561057
0.00557413
0.0056978
0.00620721
0.00607025
0.00507153
0.00534384
0.0050826
0.00501781
0.00563165
0.00624167
0.00660021
0.00715155
0.00753868
0.00658849
0.00561114
0.00644527
0.00745332
0.00656719
0.00567802
0.00581275
0.00639215
0.00577549
0.00491603
0.00560559
0.00646176
0.00639226
0.00612508
0.00647098
0.00597512
0.00634631
0.00738352
0.00641536
0.00640117
0.00599961
0.00580127
0.00708891
0.00671276
0.00577547
0.0059703
0.00614602
0.00615113
0.00644149
0.00600748
0.00467535
0.00593302
0.00818113
0.00782874
0.00684834
0.00774126
0.00791567
0.00708218
0.0070721
0.00608888
0.00556525
0.00550023
0.00570448
0.00575425
0.0062532
0.00666897
0.00597597
0.00503266
0.00482323
0.00479284
0.0050334
0.00581385
0.00588147
0.00576283
0.00547475
0.00562089
0.00581982
0.00547792
0.00521878
0.00482765
0.00549733
0.00566889
0.00481844
0.00493861
0.00572794
0.00671108
0.00679515
0.00562994
0.00615567
0.00748358
0.00779432
0.00811443
0.00819645
0.00819832
0.00756857
0.0062956
0.00564684
0.00550742
0.0053359
0.00549778
0.00591529
0.00624601
0.00580475
0.00565604
0.00592124
0.00645204
0.00698346
0.00689375
0.00646311
0.0062315
0.00651426
0.0066897
0.00675464
0.00728286
0.00755478
0.00707176
0.00673706
0.0068136
0.00641747
0.00557734
0.00621762
0.00719101
0.00630833
0.00581486
0.0071527
0.0075715
0.00704845
0.00638985
0.00654054
0.00669104
0.00671399
0.00702126
0.00677776
0.00692954
0.00797606
0.00816103
0.00685997
0.00554172
0.00558772
0.00664791
0.0054657
0.00468404
0.0059081
0.00613332
0.006599
0.00686251
0.00569041
0.00566719
0.00697613
0.00738166
0.00676466
0.00629302
0.00746799
0.00763875
0.00690833
0.00684877
0.00721964
0.00748339
0.0068282
0.00621644
0.00653085
0.00682151
0.0061127
0.00637427
0.0066379
0.00594383
0.00543477
0.00522887
0.00491769
0.00505845
0.00526217
0.00552007
0.00644557
0.00689248
0.00486881
0.00397183
0.005046
0.00559836
0.00593886
0.0053734
0.00473545
0.00542544
0.00559908
0.00600571
0.00674562
0.00615694
0.00597912
0.00621048
0.00673974
0.00715392
0.0061738
0.00515776
0.00581714
0.00657571
0.00636298
0.00560591
0.00485673
0.00441331
0.0050323
0.00579941
0.00546206
0.00638895
0.00659002
0.00595098
0.00639885
0.00605801
0.00527728
0.00648903
0.00895793
0.00859272
0.00737079
0.00683957
0.00667067
0.00753532
0.00798138
0.00716172
0.00703105
0.00748489
0.00671771
0.00651413
0.0065044
0.00646743
0.00673895
0.00651436
0.00527398
0.00498957
0.00639002
0.00667954
0.00738881
0.00846122
0.00649711
0.00485468
0.00541703
0.00609079
0.00687297
0.00750051
0.00753925
0.00647914
0.00588193
0.00599078
0.00534362
0.00562973
0.00667543
0.00493555
0.00478682
0.00618336
0.00648622
0.00706642
0.00701272
0.00675788
0.00573004
0.00584204
0.00588005
0.00529879
0.00572074
0.00694714
0.00664258
0.00612705
0.00654561
0.00760037
0.00894394
0.00817974
0.0065917
0.00529084
0.00504257
0.00523056
0.00641434
0.00730018
0.00717311
0.00656217
0.0059796
0.00696811
0.00802624
0.00826298
0.00747435
0.00640956
0.00641853
0.0063671
0.0055411
0.00549395
0.00574088
0.00524665
0.00524902
0.00525023
0.00541438
0.00528945
0.00449286
0.00391346
0.00367461
0.00350612
0.00338397
0.00339559
0.00381785
0.00425742
0.00435892
0.00428919
0.00397005
0.00453677
0.00518128
0.00546052
0.0062667
0.00707647
0.00717186
0.00652259
0.00572645
0.00633927
0.00738566
0.00707252
0.0066925
0.00635627
0.00554017
0.00630167
0.00679561
0.00581393
0.00484951
0.00467792
0.00504944
0.00507809
0.00495889
0.00467249
0.00497068
0.00534617
0.00502168
0.0043948
0.00431783
0.0041055
0.00414139
0.00409839
0.00375443
0.00445073
0.00491008
0.00443323
0.00448579
0.00482903
0.00604651
0.0071696
0.00640468
0.00610549
0.0064847
0.00759809
0.00815037
0.00724861
0.00632016
0.00648066
0.00734324
0.00732261
0.00736181
0.00722381
0.00669739
0.00610376
0.00665612
0.00701654
0.00697063
0.00688248
0.00592976
0.005958
0.00555923
0.00498779
0.00573733
0.00610648
0.00570198
0.00532657
0.00523337
0.00552701
0.00626702
0.00651341
0.0059452
0.00583888
0.00647201
0.00674108
0.00636268
0.00665886
0.00687215
0.00652378
0.00657407
0.00675119
0.00766103
0.00784719
0.00653242
0.00513823
0.00504998
0.00471979
0.00356836
0.0033801
0.00362874
0.00364757
0.00343934
0.00424619
0.0038211
0.00282291
0.00298482
0.00299374
0.00247157
0.0024707
0.00256629
0.00243237
0.00275876
0.00284885
0.00268132
0.00272426
0.00298889
0.00295636
0.0032428
0.00271711
0.00211956
0.00214317
0.00181492
0.00230531
0.00311109
0.0027955
0.00278326
0.00296233
0.00262954
0.00302367
0.00416446
0.00479984
0.00496812
0.00509661
0.00638157
0.00616886
0.00373569
0.00272141
0.0024607
0.00259204
0.0020625
0.00155722
0.00189771
0.00209116
0.00245288
0.00288961
0.00284609
0.00274014
0.00255857
0.00244312
0.00246684
0.00245
0.00201597
0.00185104
0.00177885
0.00149196
0.0015949
0.00161288
0.00158473
0.00179833
0.00227875
0.00285076
0.00268792
0.00210779
0.00228781
0.00341681
0.00388487
0.00319434
0.00346733
0.00317687
0.0022116
0.00229211
0.00301521
0.00305273
0.00234733
0.00302971
0.00382086
0.00313021
0.00244213
0.00243797
0.00281704
0.00304094
0.00270197
0.00303437
0.00386192
0.0040322
0.00431544
0.00534465
0.00554434
0.00576486
0.00621514
0.00606137
0.00687379
0.00762581
0.00803417
0.0075432
0.00684834
0.00738782
0.00637668
0.00639545
0.0072198
0.00673228
0.00669215
0.00658054
0.00641013
0.0057918
0.0054171
0.00547693
0.00513253
0.00463819
0.00395727
0.00294532
0.00269327
0.00289065
0.00306673
0.0034037
0.00369258
0.00344692
0.00286799
0.00339754
0.00378397
0.00414575
0.00474233
0.00411172
0.0050134
0.00531983
0.00406006
0.00425738
0.00478723
0.00465925
0.00425738
0.00445731
0.00432296
0.00382524
0.0036871
0.00534251
0.00736706
0.00725177
0.00680553
0.00684599
0.00831349
0.0105591
0.0103665
0.00913034
0.0098545
0.00941816
0.00749658
0.0072833
0.00760603
0.0071429
0.00615549
0.00614808
0.0070328
0.00759815
0.00639433
0.00444888
0.00474574
0.00594323
0.006111
0.00505755
0.00509664
0.0060463
0.00530958
0.00501226
0.00578467
0.00599038
0.00562918
0.00510332
0.00584658
0.00639052
0.00629085
0.00628243
0.00651014
0.00683569
0.00733916
0.00673927
0.00619601
0.00651916
0.00587395
0.00576356
0.00526063
0.0055925
0.00590444
0.00518972
0.00498277
0.00499853
0.00508795
0.00580083
0.00678622
0.00701115
0.00658442
0.00712149
0.00797737
0.00793927
0.00645733
0.00531684
0.00559966
0.00525331
0.00521321
0.00506587
0.00462727
0.00464145
0.00507081
0.00462086
0.0039107
0.004449
0.00606829
0.00624368
0.00688754
0.00781958
0.00668154
0.00655623
0.00613052
0.00592966
0.00603098
0.00600448
0.00579232
0.00593608
0.00705618
0.00664199
0.00578169
0.00555863
0.00572025
0.0057349
0.00577116
0.00605258
0.00603932
0.00542974
0.00542697
0.00722145
0.00791948
0.00683303
0.00608884
0.00602147
0.00583796
0.00528796
0.00581023
0.0066755
0.00598036
0.0056615
0.00645271
0.00681641
0.00692994
0.00709174
0.00685073
0.00574689
0.00547362
0.00643484
0.00702858
0.00644401
0.00480882
0.00529104
0.0056941
0.00460189
0.0045853
0.00492902
0.00543471
0.0059213
0.00593743
0.00600688
0.00586683
0.00600936
0.00653298
0.00674271
0.00667813
0.00577049
0.00501218
0.0051759
0.006132
0.00506024
0.00430257
0.00568781
0.00613139
0.00640742
0.00655698
0.00695674
0.00732049
0.0068757
0.00672863
0.00642238
0.00585404
0.0052881
0.00464084
0.00509948
0.0065481
0.00621257
0.00572687
0.00609187
0.0055589
0.00508594
0.00469906
0.00518817
0.0065537
0.00682175
0.00547382
0.0039683
0.0045514
0.00549242
0.00542558
0.0053903
0.00533213
0.00465202
0.00413831
0.00435582
0.00449298
0.00439242
0.00380974
0.00404293
0.00465883
0.0042932
0.00372446
0.00403586
0.00460536
0.00490519
0.00405296
0.00382442
0.00351929
0.00225727
0.00296731
0.00320423
0.00315005
0.0038135
0.00365543
0.00380301
0.00387614
0.0039297
0.00369855
0.00310569
0.00272009
0.00349445
0.0042698
0.0037008
0.00319189
0.00329291
0.00362233
0.00393316
0.00631082
0.00702537
0.00439134
0.00383287
0.00477781
0.00497804
0.0060119
0.00617662
0.00572138
0.00605473
0.00516926
0.00449964
0.00461795
0.0059805
0.00683552
0.00650945
0.00626429
0.00600016
0.00660662
0.00569587
0.00408611
0.0043961
0.00618961
0.00731836
0.0068299
0.00648884
0.00633962
0.00571223
0.00533912
0.0055426
0.00525537
0.00578022
0.00696999
0.00681246
0.00554513
0.00512608
0.00580031
0.00721751
0.00683241
0.00567816
0.0058367
0.00558741
0.00506334
0.00516693
0.00568667
0.00562222
0.00550028
0.00575997
0.00701468
0.00721947
0.00729349
0.00744583
0.00633997
0.00565402
0.00598292
0.00767777
0.00846423
0.00742495
0.00670405
0.00642839
0.00596771
0.00544709
0.00533395
0.0059998
0.00619732
0.00543822
0.00337557
0.002644
0.00515292
0.00554033
0.00580421
0.00669554
0.00587723
0.00585141
0.00602612
0.00638854
0.00681997
0.00672415
0.00580611
0.00477386
0.00491759
0.00455669
0.00411815
0.00433325
0.00467974
0.00540546
0.00558539
0.00463402
0.00442869
0.00523433
0.00510277
0.00408106
0.00326308
0.00322901
0.00375237
0.00511654
0.00530434
0.0039675
0.00446931
0.00520017
0.0046359
0.00417956
0.00479082
0.00532259
0.00507405
0.00580789
0.00628727
0.00594292
0.00578199
0.00571228
0.00559556
0.00537687
0.00394004
0.00131974
1.32419e-06
1.09877e-05
1.09877e-05
2.44882e-05
4.42406e-05
6.30167e-05
4.32622e-05
1.2429e-05
2.98578e-05
1.74245e-05
0.00224938
0.00461059
0.00480873
0.0047623
0.00476711
0.00534168
0.00506387
0.00396152
0.00419958
0.00494764
0.0051949
0.00591647
0.00625943
0.00537077
0.00540501
0.00592485
0.005635
0.00580778
0.00571029
0.00516344
0.00500519
0.00476377
0.003945
0.00398205
0.00471675
0.00516145
0.00506555
0.00470511
0.00443305
0.00450745
0.00441977
0.00477971
0.00488061
0.0048438
0.00671981
0.00829973
0.0069654
0.00590941
0.00685678
0.00600317
0.00555243
0.00665649
0.00588439
0.0052423
0.00628246
0.00627893
0.00600391
0.00610733
0.0062851
0.0066969
0.00687625
0.00641447
0.00604683
0.00617238
0.00667318
0.0072919
0.00715768
0.00715862
0.00704304
0.00730225
0.00759924
0.00692826
0.00627739
0.00635193
0.00602707
0.00476676
0.00531216
0.0065548
0.0062075
0.0056565
0.00630101
0.00725361
0.00738499
0.00714406
0.00691
0.00639488
0.00527577
0.00476475
0.00439211
0.00394291
0.00416751
0.00490849
0.00461764
0.00428059
0.00531677
0.00603642
0.00620258
0.00494766
0.0049565
0.00646706
0.00598786
0.00578992
0.00590108
0.00434029
0.00413345
0.0066426
0.00841457
0.00758659
0.0067772
0.00653642
0.00651738
0.00692074
0.00738792
0.00706377
0.0066203
0.00649003
0.00701053
0.00800565
0.00785137
0.00618429
0.00497943
0.00526632
0.00551616
0.00463592
0.00400889
0.00525309
0.00535459
0.00507045
0.0047219
0.00413786
0.00386376
0.00319429
0.0030548
0.00270547
0.00209529
0.00206238
0.002688
0.003579
0.00321882
0.00217429
0.0023673
0.00285881
0.00277113
0.00219449
0.0023933
0.00274746
0.00235226
0.0024656
0.00261459
0.00236355
0.00168836
0.00120627
0.00166629
0.00180744
0.00129844
0.00147845
0.00173885
0.00217843
0.00310689
0.00245623
0.0013861
0.0016427
0.00172663
0.00196033
0.00253905
0.00247391
0.00289562
0.00392028
0.00435336
0.00378817
0.00318157
0.00336115
0.00282204
0.00206251
0.00197477
0.00230947
0.00258941
0.00270243
0.00362251
0.00427701
0.00372989
0.00356281
0.00397801
0.00398752
0.00426687
0.00474134
0.00440081
0.00419507
0.00469441
0.00446212
0.00437928
0.00545694
0.00506373
0.00524106
0.00638469
0.00620112
0.00657042
0.0070127
0.00572771
0.00423538
0.00371354
0.00366274
0.00371595
0.00364089
0.00387332
0.00353302
0.00292166
0.00336309
0.00390046
0.00280995
0.00174401
0.00192382
0.00179769
0.00159691
0.00177793
0.0023181
0.00296686
0.00279599
0.00243247
0.00244595
0.00181155
0.00122032
0.00138861
0.0014805
0.00189838
0.00189523
0.00212749
0.00218586
0.00197114
0.00215973
0.00249461
0.00361834
0.00372121
0.00310318
0.00309718
0.00356659
0.00349655
0.00289151
0.00267551
0.00215348
0.00199146
0.00236808
0.00244649
0.00237759
0.00268591
0.00250294
0.00218376
0.0027795
0.0026268
0.00230066
0.0022396
0.0022126
0.00195635
0.00190982
0.00242863
0.00262825
0.00340614
0.00495875
0.00598375
0.00638111
0.00688703
0.00686674
0.00574862
0.00650809
0.00750661
0.00689934
0.00730294
0.00732855
0.00654816
0.00594072
0.00522382
0.00417934
0.00382629
0.00300845
0.00238461
0.00291379
0.00365795
0.00427003
0.00336761
0.00250228
0.00266815
0.00268465
0.00360237
0.00514045
0.00627772
0.00665215
0.00637919
0.00577237
0.00464503
0.00386633
0.00412716
0.00458992
0.00491558
0.00531682
0.00550976
0.00504104
0.00457221
0.00436691
0.00423381
0.00405448
0.00395361
0.00412614
0.00371449
0.00306524
0.00273035
0.0025098
0.00241171
0.00262526
0.00299924
0.00384541
0.00363942
0.00269629
0.00268543
0.00281301
0.00290008
0.00395407
0.00561654
0.00472495
0.00359879
0.0037438
0.00311065
0.00367767
0.00438961
0.00483913
0.00463921
0.00441275
0.00409695
0.00362467
0.00427336
0.0045083
0.00458885
0.00558145
0.00625682
0.00538971
0.00531622
0.00497651
0.00388377
0.00418392
0.00425338
0.00349502
0.00344288
0.0033442
0.00388057
0.00575821
0.00703732
0.00604919
0.00525669
0.00594125
0.0056722
0.00587111
0.00670657
0.00670755
0.00614884
0.00607907
0.00665811
0.00680277
0.00667272
0.00701217
0.00704807
0.00650126
0.00582276
0.00733527
0.00806847
0.00717938
0.00746569
0.00628075
0.00328082
0.000968623
0.000260174
0.00023376
0.00298953
0.00562911
0.00489639
0.0045316
0.00497083
0.00459459
0.00568077
0.00724264
0.00750971
0.00792064
0.00751144
0.00671021
0.00623654
0.00600916
0.00639754
0.00601749
0.00534068
0.00550376
0.00608557
0.00589087
0.005906
0.00678028
0.00702891
0.00653191
0.00623555
0.00686054
0.00733503
0.00706562
0.00618786
0.00508917
0.00465255
0.00408248
0.00388456
0.00424289
0.00434713
0.00498535
0.00540361
0.00511508
0.00516838
0.00621402
0.00635095
0.00565695
0.00625081
0.00636414
0.00731805
0.00708951
0.00538042
0.00521515
0.00569127
0.00559411
0.00467663
0.00424342
0.00451908
0.0045448
0.00200016
0.00180176
0.00412479
0.00232214
0.00016593
0.000202275
3.62905e-05
1.41709e-06
1.41709e-06
0.00243388
0.004774
0.00457375
0.00496838
0.00564298
0.00597144
0.00622778
0.00651671
0.00621965
0.00552901
0.00541936
0.00610849
0.00697611
0.00783487
0.00734102
0.00659522
0.00653188
0.0058374
0.00529842
0.00474847
0.00466504
0.00428906
0.00389166
0.00376661
0.00366799
0.00415649
0.00437742
0.00405633
0.00501572
0.00664673
0.00680475
0.00622654
0.00565402
0.0051867
0.00470804
0.00483272
0.00556502
0.00612105
0.00537485
0.00446267
0.00548825
0.00634245
0.00654065
0.00694674
0.00673934
0.00654199
0.00637119
0.00695409
0.00711011
0.00624345
0.00644898
0.00661881
0.00585567
0.00701607
0.00741727
0.0060419
0.00647082
0.00685224
0.00608383
0.00596993
0.00773818
0.00708979
0.00545641
0.00590973
0.00606871
0.00721573
0.00719812
0.00629056
0.00544548
0.00481134
0.00525677
0.0051409
0.00555106
0.00528521
0.00417737
0.00383732
0.00352263
0.00309187
0.00269666
0.00210755
0.00234286
0.00239852
0.00230992
0.00248948
0.00191544
0.0025082
0.00354702
0.00329233
0.00255017
0.00234559
0.00266945
0.00324984
0.00326266
0.00247438
0.00211367
0.00209111
0.00227119
0.00203525
0.00172782
0.00160206
0.00151775
0.00142589
0.00133095
0.00127688
0.00171933
0.0021302
0.00177176
0.00148594
0.00136959
0.00145117
0.00205731
0.00231617
0.00206802
0.00196517
0.00174745
0.00202476
0.00194521
0.00188382
0.00228902
0.00117109
0.00174813
0.00458129
0.00495038
0.00378429
0.00360693
0.00315962
0.0028577
0.00250895
0.00297333
0.0042961
0.0037112
0.00295305
0.00292898
0.00301664
0.0025456
0.00199596
0.00205169
0.00242332
0.00264447
0.00251183
0.00199186
0.00192282
0.0022234
0.00220377
0.00209523
0.0016104
0.00113904
0.00161631
0.00181968
0.00174567
0.0020926
0.00183152
0.00213309
0.00343528
0.00383621
0.00356275
0.00445343
0.00422873
0.00310549
0.00385407
0.00467642
0.00431874
0.00427722
0.00394711
0.00407777
0.00437217
0.00381279
0.00408876
0.00446075
0.003938
0.00447713
0.00573317
0.0061981
0.00565552
0.0059743
0.00645232
0.0053582
0.00619614
0.00629028
0.00519806
0.00543337
0.00544324
0.00502
0.00511941
0.00532436
0.00528577
0.00561484
0.00515173
0.00472537
0.00546059
0.00568055
0.00516629
0.00475946
0.00480025
0.00473421
0.00438082
0.00473909
0.00493322
0.00464012
0.00464088
0.00442365
0.0050854
0.00599125
0.00583551
0.00621727
0.00811606
0.00834434
0.00706189
0.00628237
0.00600655
0.00564068
0.00481201
0.00505245
0.00535423
0.00561892
0.005667
0.00497373
0.00449864
0.00437893
0.00414602
0.00459288
0.00501533
0.00431116
0.00395074
0.00455012
0.00479137
0.00504623
0.00498288
0.00529233
0.00612427
0.006026
0.00628725
0.00633009
0.00615607
0.00519533
0.00477308
0.00492363
0.00393604
0.00437428
0.00527091
0.00607324
0.006436
0.00759328
0.00747711
0.00559273
0.00536234
0.00449341
0.00369818
0.00396165
0.00428082
0.00388651
0.00332939
0.00324557
0.00382096
0.00433301
0.00360854
0.00323893
0.00371992
0.00411101
0.00448922
0.00433043
0.00425412
0.00453378
0.00444617
0.00432956
0.00485836
0.00532126
0.00442546
0.00364685
0.00383212
0.00363513
0.00376862
0.00372211
0.00443914
0.00492717
0.00387286
0.00472257
0.00449968
0.00349084
0.00390498
0.00452202
0.00552767
0.00504072
0.00478706
0.00603644
0.0054789
0.00447929
0.00425879
0.00360905
0.00360711
0.00374507
0.00410142
0.00482838
0.0044374
0.00416134
0.00447996
0.00441166
0.00514854
0.00663716
0.0074259
0.00723227
0.00682056
0.00669317
0.00667961
0.00634413
0.0053806
0.0065751
0.00835882
0.00804263
0.00683237
0.00570179
0.00558379
0.00616094
0.00791466
0.0115913
0.0107097
0.00682934
0.00606219
0.00667727
0.00732938
0.00693883
0.00620763
0.00486108
0.00509023
0.00621645
0.00670553
0.00749453
0.00846091
0.00831759
0.00710073
0.00669776
0.00622771
0.00562239
0.0059767
0.00615324
0.00651343
0.00646984
0.00544592
0.00532351
0.00543319
0.00590187
0.00598041
0.00616946
0.0064541
0.00536109
0.00664497
0.00728204
0.00654182
0.00709453
0.00648307
0.00626332
0.00652912
0.00647345
0.00631587
0.00571257
0.00618303
0.00664573
0.00663177
0.00675516
0.00795304
0.00778619
0.00609452
0.00612194
0.00697972
0.00743732
0.00699605
0.0069646
0.0072015
0.00697774
0.00590063
0.00619215
0.00680125
0.00686045
0.00705464
0.00685877
0.00606055
0.00512703
0.00595107
0.00661633
0.00600983
0.00547328
0.00632981
0.00704907
0.00684618
0.00714393
0.00676881
0.00723258
0.00892049
0.00897619
0.00735192
0.00679266
0.00697285
0.00614036
0.00562021
0.00614266
0.00623099
0.00523255
0.00531645
0.00595389
0.00607239
0.00711463
0.00755591
0.00723518
0.00661172
0.00615533
0.00742504
0.00811147
0.00793245
0.00701334
0.00554162
0.00612621
0.00690653
0.00649455
0.00687303
0.00709172
0.00681
0.00666771
0.00631659
0.00596357
0.0058027
0.00582337
0.00548298
0.00542874
0.0060311
0.00622716
0.00582816
0.00599203
0.00655996
0.00649311
0.00621158
0.00630356
0.00713112
0.00772342
0.00719506
0.00789381
0.00807178
0.00638331
0.00626921
0.00807443
0.00809397
0.00719436
0.00663337
0.00641176
0.00699571
0.00701166
0.00656496
0.00581647
0.00570796
0.00613124
0.00646225
0.00634391
0.00656921
0.00679815
0.00656739
0.0073715
0.00775758
0.00656597
0.00638346
0.00737935
0.00812838
0.007367
0.00584013
0.00717337
0.00671286
0.00469346
0.00513326
0.00618258
0.00670488
0.00564909
0.00503667
0.0047932
0.00536461
0.00629636
0.00725132
0.0085145
0.00781048
0.00707558
0.00783566
0.00904251
0.00804188
0.00632397
0.00676099
0.00777121
0.00678579
0.00565578
0.00655578
0.00608577
0.00550665
0.00550136
0.00553504
0.00553449
0.00663104
0.00852188
0.00797655
0.00651105
0.00545555
0.00592548
0.00590208
0.00529329
0.00451704
0.00373
0.00481858
0.00600877
0.0060576
0.00506862
0.00547716
0.0060003
0.00568522
0.00571452
0.00604803
0.00717906
0.00737947
0.00657338
0.00707102
0.00843238
0.00810878
0.00711553
0.00590271
0.0049547
0.00572782
0.00626105
0.00627352
0.00609371
0.0066858
0.00699092
0.00631816
0.00589126
0.00546619
0.00686104
0.00820327
0.00858974
0.00857139
0.00574666
0.00394048
0.005025
0.00591664
0.00658011
0.00614128
0.00564588
0.00627595
0.00645516
0.00662106
0.006351
0.00671725
0.00792481
0.00721199
0.00672355
0.00762223
0.00683578
0.00600515
0.0058665
0.00571043
0.00606365
0.00573358
0.00524382
0.00552822
0.00639767
0.00666853
0.00696991
0.00691017
0.00664844
0.00713196
0.00653147
0.00627584
0.00679554
0.00686047
0.00806665
0.00756516
0.00616465
0.00736708
0.00745892
0.00677048
0.00611651
0.00487384
0.00506883
0.00588523
0.00681317
0.0064021
0.00527616
0.00536
0.00600954
0.00646658
0.00670369
0.00756598
0.00625215
0.00512614
0.00598949
0.00702794
0.0071701
0.00574217
0.00489183
0.00457671
0.0048647
0.00575304
0.00560278
0.00483542
0.00447914
0.00444414
0.0051916
0.00517239
0.00526977
0.00544505
0.00508424
0.00455234
0.00485426
0.00555341
0.00617424
0.00661633
0.00584477
0.006261
0.00607293
0.0054698
0.00648766
0.00817204
0.0079588
0.00703017
0.00748193
0.00718842
0.00631275
0.00615561
0.00618721
0.00557994
0.00497225
0.00601964
0.00715909
0.00757072
0.00739964
0.00642446
0.00665144
0.00646695
0.0051828
0.00499499
0.0053746
0.00432233
0.00318314
0.00365424
0.00519199
0.00658717
0.00613977
0.00585359
0.00629644
0.00565086
0.00581967
0.00620668
0.00611707
0.00727762
0.00683261
0.00586592
0.00739276
0.00862652
0.00849231
0.00671907
0.00939873
0.0156255
0.0121916
0.00504978
0.00346483
0.00428564
0.00593299
0.00666444
0.00595149
0.00485482
0.00402905
0.00461668
0.00471168
0.00344683
0.00286604
0.00324521
0.00339335
0.00254836
0.00229892
0.00279763
0.0028634
0.0031101
0.00322394
0.00359006
0.00492817
0.00430803
0.00358409
0.00454319
0.00459171
0.00495089
0.00513181
0.0043157
0.00325596
0.00328554
0.00300851
0.00258161
0.00301858
0.002511
0.00181839
0.00233669
0.00300169
0.00236956
0.00168533
0.00193059
0.00241917
0.00268033
0.00211626
0.00165652
0.00152741
0.0012682
0.00135777
0.00119601
0.00089278
0.000809658
0.00111261
0.0014788
0.00181956
0.00166136
0.00124421
0.00113635
0.00115932
0.00123567
0.0011138
0.00115322
0.00161952
0.0013533
0.000958291
0.00108353
0.00075177
0.000431418
0.000400246
0.000556837
0.00101845
0.00117488
0.00122241
0.0014139
0.00190504
0.0020203
0.00155177
0.0013026
0.00119567
0.00111502
0.00112466
0.00128345
0.00124677
0.00150017
0.00152371
0.00106725
0.00109994
0.00130502
0.00161215
0.00174969
0.00148767
0.00116619
0.00110084
0.00103115
0.000863748
0.000903728
0.00101562
0.00137861
0.00208204
0.00222294
0.00164334
0.0010195
0.000971439
0.00108107
0.000978556
0.000934169
0.000874233
0.000868725
0.000806492
0.000840326
0.000865209
0.00086333
0.000914945
0.000823133
0.000860442
0.000933228
0.00182339
0.00301954
0.00265245
0.00165233
0.00265887
0.00277993
0.00122507
0.0011781
0.00182012
0.00210359
0.00236332
0.00257115
0.00151895
0.00080072
0.00252107
0.00607902
0.00479765
0.0017228
0.00286546
0.00340446
0.00258797
0.00182667
0.00141706
0.00103504
0.000766741
0.00384815
0.0042674
0.00144309
0.00447945
0.00610167
0.00275146
0.00124325
0.00157229
0.00172678
0.00163508
0.00161363
0.00206659
0.00174135
0.00169758
0.00204491
0.00161771
0.00133708
0.00102461
0.00134763
0.00138119
0.000840062
0.000559696
0.000449091
0.000354512
0.000513713
0.00220877
0.00273141
0.00157866
0.00132164
0.00108845
0.000922071
0.00103153
0.00118554
0.00158395
0.0017564
0.00176394
0.0014372
0.0014885
0.00265314
0.00418006
0.00453028
0.00436697
0.00417836
0.00329378
0.00292604
0.00302327
0.00415772
0.00609741
0.00650473
0.00557403
0.00638123
0.00606159
0.00421394
0.00329678
0.00252406
0.00307512
0.00394919
0.00413767
0.00360531
0.00356554
0.00368059
0.00298924
0.00325801
0.00324112
0.00384392
0.00458922
0.00316541
0.00340921
0.00370636
0.00345883
0.00446274
0.00497459
0.00365799
0.00327901
0.00540714
0.00661734
0.00644385
0.00704173
0.00701506
0.00540846
0.00616338
0.0066276
0.00510958
0.00554643
0.00598004
0.00593157
0.0065339
0.00668537
0.00767091
0.00792209
0.00675221
0.00647784
0.00618464
0.00561456
0.00587
0.00625748
0.00526903
0.00425228
0.00522308
0.00497526
0.00359668
0.00374992
0.00610059
0.00539398
0.00295125
0.00380432
0.00484084
0.00460877
0.00530203
0.00568421
0.00550184
0.0054735
0.00470332
0.00542051
0.00473946
0.00499685
0.0060782
0.00683364
0.00747375
0.00485233
0.00378579
0.00542136
0.00629969
0.00672455
0.00673946
0.00582758
0.00628264
0.00681996
0.00810791
0.0078211
0.00545966
0.00535058
0.00625475
0.00653036
0.00665109
0.0067635
0.00527497
0.00488072
0.00541036
0.00507295
0.00529284
0.00559387
0.005185
0.00530929
0.0052769
0.00565984
0.00465649
0.00426712
0.0065825
0.00735007
0.00510633
0.00367273
0.00416501
0.00335279
0.00296375
0.00310411
0.00296238
0.00330892
0.0031415
0.0030826
0.0038591
0.00359115
0.00331166
0.00367568
0.00441904
0.00435894
0.00404969
0.00353476
0.00267264
0.00262748
0.00258888
0.00345058
0.00356482
0.00268278
0.00227639
0.00226841
0.00245894
0.00335526
0.00402718
0.00381337
0.00391425
0.00464384
0.00617946
0.00758722
0.00784248
0.00751129
0.00759714
0.00806073
0.00848185
0.00797818
0.00734228
0.00723231
0.00627286
0.0062496
0.00670796
0.00614788
0.00526108
0.00508593
0.00558031
0.00550951
0.00474442
0.00460248
0.00524726
0.00488519
0.00509827
0.00538158
0.00488902
0.0053822
0.00526468
0.00483508
0.0050462
0.00435937
0.00334475
0.00445407
0.00499887
0.0041799
0.00353667
0.00349668
0.00414554
0.00473008
0.00531
0.00525712
0.00615104
0.00592166
0.0052386
0.00619796
0.00600694
0.00612116
0.00660332
0.00606919
0.00607604
0.00629196
0.00552605
0.00557226
0.00615867
0.00570612
0.00506739
0.00481973
0.00557295
0.0068416
0.00689247
0.00710089
0.00746122
0.00693025
0.00661542
0.00702619
0.0080068
0.00892108
0.00910913
0.00956353
0.00880989
0.00569978
0.00261817
0.00049754
0.00224468
0.00566349
0.00682613
0.00649713
0.00483268
0.00415209
0.00500737
0.00485231
0.00528774
0.00539415
0.00444555
0.00523271
0.00631182
0.00537602
0.0048659
0.00611965
0.00599122
0.00453277
0.00417107
0.00473979
0.00471593
0.00507017
0.0056803
0.00509353
0.00448196
0.00478183
0.00623304
0.00737055
0.00680295
0.0062428
0.00754332
0.008966
0.00793945
0.00642201
0.00695982
0.00746553
0.00709493
0.0068173
0.00720262
0.00736896
0.00645471
0.00680619
0.00737004
0.00739881
0.00687595
0.00639208
0.00640352
0.0052694
0.00423584
0.00431476
0.00475396
0.00452941
0.0043308
0.00493839
0.00459237
0.00384517
0.0048939
0.00522714
0.00439537
0.00520098
0.00568661
0.00522318
0.00532729
0.00548629
0.00534124
0.00554725
0.00548376
0.00508563
0.00518097
0.00480702
0.00452455
0.00636142
0.00746079
0.00620491
0.00568566
0.00517706
0.00572121
0.0075881
0.00793021
0.00685684
0.00582791
0.00532318
0.00600959
0.00534892
0.00457621
0.0057459
0.0064671
0.00565691
0.00480381
0.00439956
0.00450358
0.00506494
0.00568027
0.00658903
0.00646424
0.00505704
0.00459925
0.00487375
0.00455513
0.00490808
0.00559677
0.00601034
0.00674527
0.00715089
0.0067835
0.0069662
0.00657272
0.00603642
0.00609846
0.00613171
0.00615106
0.00595361
0.00550459
0.00584652
0.00655577
0.00737687
0.00714584
0.00656882
0.00654502
0.00555332
0.00560929
0.00580256
0.00488705
0.00445876
0.0056934
0.0063633
0.00535692
0.00434278
0.00519511
0.00658512
0.00676905
0.00582243
0.00447457
0.00578907
0.00588577
0.00691986
0.0101601
0.00988528
0.00864234
0.00817422
0.00898692
0.00766799
0.00495911
0.00627726
0.00789804
0.00795937
0.00866558
0.0090663
0.00808822
0.00615706
0.00285376
0.00246017
0.004667
0.00518242
0.00505398
0.00505909
0.00517351
0.00496876
0.00365751
0.00239237
0.00291621
0.0041442
0.00439997
0.00412808
0.00449506
0.00438987
0.00482797
0.0049079
0.00545524
0.00575236
0.00456963
0.00520502
0.00546334
0.00475578
0.00462329
0.00524941
0.00530988
0.00398697
0.00333433
0.00446046
0.00506112
0.00455089
0.00520012
0.00702211
0.00840124
0.00711597
0.0054094
0.00498986
0.0055055
0.00620685
0.00749592
0.00808686
0.00652294
0.00573631
0.0056556
0.0050598
0.00478478
0.00496515
0.00526009
0.00484543
0.00493795
0.00678427
0.00773215
0.00955769
0.00944765
0.0067418
0.00543011
0.00496998
0.00543975
0.00560532
0.00471658
0.00414818
0.00436199
0.00500308
0.00583865
0.00617823
0.00620563
0.0079432
0.00740295
0.00527767
0.00507089
0.00461116
0.0055388
0.00660878
0.00605207
0.00643204
0.00596529
0.0052633
0.00618805
0.0059282
0.0061441
0.00689035
0.00680584
0.00622673
0.00663336
0.00863526
0.0093624
0.00801218
0.00683943
0.00675916
0.00724766
0.00699101
0.00534051
0.00493373
0.00573506
0.00530187
0.00469404
0.004551
0.00423166
0.00423249
0.00454512
0.00476517
0.00550557
0.00659512
0.00803068
0.00809681
0.0067903
0.00765932
0.00857736
0.00753357
0.00711563
0.007327
0.00762377
0.00738524
0.00640359
0.0063551
0.0068375
0.00685253
0.0067473
0.00701859
0.00778944
0.00756053
0.00761159
0.00784768
0.00627614
0.00530114
0.00518694
0.00511175
0.0050557
0.00514516
0.00512577
0.00544104
0.00657752
0.00734973
0.00688777
0.00649078
0.00703345
0.00633408
0.0047962
0.00482345
0.00461763
0.00426736
0.00467929
0.00576034
0.00639969
0.00569923
0.00570266
0.00585257
0.00518764
0.00417441
0.00395915
0.00422079
0.00483216
0.00519443
0.00519396
0.00599956
0.00606626
0.00533574
0.0053383
0.00599225
0.00698118
0.00743966
0.00837109
0.00852172
0.00673035
0.00526677
0.00538263
0.00550064
0.00564637
0.0062848
0.00681852
0.00748931
0.00882453
0.0103426
0.00892848
0.00534622
0.00450953
0.00681882
0.00752332
0.00705899
0.007808
0.0080424
0.00674999
0.00528416
0.00457008
0.00443498
0.00587116
0.00641839
0.00565141
0.00621895
0.00716361
0.00740236
0.00645008
0.00609681
0.00607032
0.0062001
0.0068164
0.00649539
0.00573495
0.0059313
0.00683137
0.00793334
0.00759297
0.00695138
0.00666284
0.00676999
0.00723921
0.00696634
0.00686506
0.00759131
0.00779844
0.00703515
0.00660279
0.00597585
0.00513281
0.00450311
0.00510673
0.00548225
0.00543684
0.0050933
0.00469682
0.0047955
0.00508173
0.00520576
0.0052575
0.00539112
0.00594593
0.00727231
0.00691316
0.00792108
0.00759952
0.00445201
0.00470808
0.00665779
0.00844775
0.0082758
0.00581395
0.00510757
0.00526381
0.00412213
0.00381239
0.00421649
0.00402839
0.00430403
0.0044946
0.00375697
0.00338584
0.00301244
0.00306296
0.00360234
0.0035627
0.00316045
0.00254768
0.00249486
0.00285702
0.00295145
0.00327182
0.00366848
0.00278303
0.00162289
0.0020322
0.00240835
0.0020785
0.0014719
0.00210146
0.00360783
0.00266915
0.00211595
0.00233634
0.00164329
0.00217523
0.00290462
0.0023365
0.00162731
0.00175304
0.00244678
0.00347641
0.00325697
0.00268194
0.0033202
0.00306879
0.00234554
0.0023629
0.0031156
0.003245
0.00253353
0.00265892
0.00365757
0.00319809
0.00184209
0.00174621
0.00269281
0.00375962
0.00336558
0.0023596
0.00188818
0.00150063
0.00136296
0.00158251
0.00194164
0.00220493
0.00214222
0.00237308
0.00248747
0.00206589
0.00209166
0.00249389
0.00185846
0.00124357
0.00124504
0.0015816
0.00182279
0.00175059
0.00197681
0.00210403
0.00194747
0.00173893
0.00158126
0.0013402
0.00162814
0.00227526
0.00215191
0.00194521
0.0019393
0.00177745
0.00163095
0.00163898
0.00207296
0.00254618
0.002649
0.00211966
0.00154023
0.0015165
0.00168288
0.00232975
0.00259639
0.00217677
0.00224779
0.00228309
0.00198804
0.00184162
0.00177726
0.00185786
0.00264215
0.00263035
0.00229959
0.0023469
0.00279488
0.00330991
0.00249248
0.00178353
0.00209324
0.00247236
0.0023874
0.00238706
0.00297973
0.00359371
0.00332758
0.0026209
0.00308383
0.00408819
0.00361391
0.00285888
0.00304489
0.00304883
0.00266912
0.00304518
0.00290635
0.00227522
0.00219701
0.00195258
0.00219054
0.00352702
0.0032517
0.00180237
0.00152666
0.0018957
0.00260772
0.00358425
0.00312214
0.00180578
0.00135005
0.00139352
0.00230038
0.00257766
0.00183966
0.00160386
0.00160159
0.00217587
0.00276808
0.00187864
0.00173346
0.0019003
0.00164003
0.00196016
0.00209237
0.00169466
0.00118812
0.00126221
0.00170105
0.00248659
0.00314205
0.00261839
0.00200844
0.00244524
0.00255101
0.00221769
0.00265426
0.00302533
0.0032215
0.00331982
0.00279634
0.00210606
0.00178797
0.001278
0.000691177
0.000779886
0.000840284
0.000808682
0.00122436
0.00161596
0.00175819
0.00158767
0.00140041
0.00167627
0.0016647
0.00189463
0.00241126
0.00281074
0.00268937
0.00211818
0.00237997
0.00321001
0.0036254
0.00364536
0.00359205
0.00341263
0.00295559
0.00271493
0.00294278
0.00365107
0.00350976
0.00363148
0.00381753
0.00469635
0.00483997
0.00382308
0.00387897
0.00355149
0.00342992
0.00328999
0.00278271
0.00217674
0.00214914
0.00267873
0.00265107
0.00260117
0.0030374
0.0026857
0.0022172
0.00311168
0.00373906
0.00302589
0.0043183
0.00570923
0.00486305
0.00519051
0.00643551
0.00774521
0.00793039
0.00635438
0.005713
0.00584644
0.00511593
0.0048223
0.00506042
0.00474982
0.00373503
0.00372142
0.00479312
0.00542846
0.00616838
0.00600274
0.00548961
0.00653548
0.00798366
0.0081446
0.00723674
0.00629963
0.00672138
0.0070478
0.00707042
0.00727139
0.00705106
0.00641583
0.00457408
0.00397037
0.00500914
0.00576917
0.00608653
0.00640563
0.00710796
0.00806463
0.00803964
0.00737021
0.00720698
0.00832462
0.00916352
0.00887092
0.00789169
0.00615055
0.00507885
0.00520084
0.00581896
0.00588208
0.00708284
0.00738016
0.00647048
0.0059448
0.00525772
0.00562377
0.00623859
0.00546086
0.00576988
0.0071135
0.00637069
0.00618332
0.00711662
0.00575892
0.00378729
0.0029162
0.00236621
0.00236499
0.00295689
0.00340662
0.00351049
0.00371987
0.00305057
0.00214198
0.00314818
0.00353189
0.00350417
0.00358214
0.00281379
0.00252241
0.00216817
0.00229834
0.00274039
0.00276891
0.00277677
0.00317705
0.00372871
0.00393061
0.00330594
0.00252186
0.00213691
0.00271557
0.0035228
0.0035103
0.00361279
0.00367468
0.00449482
0.00535761
0.00478035
0.00412813
0.00415574
0.00478044
0.00482098
0.00518722
0.00716285
0.00731149
0.00667335
0.0060682
0.00554884
0.0064477
0.00640486
0.00661673
0.00578743
0.00330328
0.003643
0.00420711
0.00446246
0.00516073
0.00436638
0.00353061
0.00336865
0.00429151
0.00483039
0.0063175
0.0067673
0.00594149
0.00670657
0.00633784
0.0064025
0.00730967
0.00716966
0.00733158
0.00706639
0.00647433
0.00632616
0.00651318
0.00708752
0.00571171
0.0046533
0.00471198
0.00437448
0.00409022
0.00318136
0.00354341
0.00470595
0.00543724
0.00511722
0.00411058
0.00347337
0.00321413
0.00315254
0.00369487
0.00440402
0.00403628
0.00451479
0.00500873
0.00403617
0.00366955
0.00372813
0.00362299
0.00411893
0.00429867
0.00476199
0.00620801
0.00574505
0.00661736
0.00770176
0.00665092
0.00624891
0.00542113
0.00409094
0.00328531
0.00355741
0.00356008
0.00375722
0.00462351
0.00458962
0.00318511
0.00235279
0.00226043
0.00280324
0.00453088
0.00469205
0.00400891
0.00423307
0.00482748
0.00632069
0.006391
0.00612795
0.00648224
0.00738629
0.00712175
0.00674709
0.00798778
0.00700015
0.00648254
0.00630647
0.0059392
0.00573046
0.00410466
0.00357592
0.00407251
0.0035387
0.0029502
0.0031044
0.00293642
0.00295056
0.00348304
0.00368883
0.00319851
0.00269892
0.00252059
0.00255205
0.00299573
0.00340468
0.00401485
0.00498901
0.00575392
0.00597505
0.00682332
0.00729188
0.00618685
0.00567501
0.00525973
0.00497462
0.0052021
0.00501141
0.00464079
0.00545462
0.00621948
0.00756039
0.0118474
0.00985704
0.00580048
0.00646392
0.0051554
0.0028563
0.00251421
0.00376394
0.00432997
0.00357503
0.00353231
0.00372716
0.00423345
0.00545701
0.00691151
0.00739175
0.00624341
0.00538412
0.00551554
0.00504213
0.00430186
0.00434283
0.00457975
0.0044833
0.00306879
0.00284721
0.00315539
0.00348574
0.00316976
0.00213802
0.00204352
0.0017915
0.00213669
0.00282952
0.00246548
0.00218628
0.00282539
0.00344013
0.00362796
0.00178501
0.000480014
0.00146818
0.00226119
0.00241395
0.00199453
0.00168671
0.0019733
0.00262954
0.0029758
0.00249876
0.00223755
0.00232034
0.00247297
0.00226018
0.00187792
0.00255516
0.00304735
0.00268422
0.00173001
0.000918914
0.000840488
0.000925772
0.000962182
0.0010048
0.00115877
0.00103113
0.00090672
0.000949278
0.000995531
0.00162893
0.00230241
0.00241383
0.00255021
0.00215218
0.00192642
0.00242477
0.00227566
0.00299089
0.00371629
0.00284747
0.00206458
0.00177012
0.0018558
0.00203502
0.00232806
0.00213731
0.00206986
0.00231853
0.00232984
0.002232
0.00299077
0.004498
0.00471404
0.00455469
0.00437606
0.00397091
0.00346858
0.00308674
0.00362544
0.00421783
0.00426197
0.00450705
0.00302993
0.00236518
0.00343252
0.00335348
0.00342782
0.00384297
0.00532582
0.00689779
0.00666658
0.00489483
0.00381566
0.00412834
0.0041761
0.00384409
0.00382391
0.00483041
0.00649986
0.00715346
0.00622344
0.00595224
0.00609795
0.00600191
0.00629949
0.00622261
0.00575126
0.00476346
0.00456953
0.00484317
0.00480636
0.0056997
0.00638842
0.00691205
0.00655824
0.00667448
0.00733943
0.00635123
0.00675261
0.0074076
0.00618645
0.00516449
0.00450798
0.00436403
0.00595992
0.00694726
0.00663303
0.00634747
0.00585156
0.00553421
0.00539002
0.0062186
0.00584469
0.00491349
0.0066008
0.00716663
0.00654582
0.00582683
0.00530079
0.00533303
0.00486755
0.00509826
0.00487994
0.00483869
0.00502863
0.00465581
0.00509335
0.0061724
0.0071119
0.0054754
0.0040052
0.00501161
0.00527339
0.00570457
0.00556678
0.00447413
0.00372443
0.00376238
0.00441973
0.00329647
0.00230852
0.00268627
0.00428672
0.004913
0.00419909
0.00498408
0.00545666
0.00565513
0.00608362
0.00634525
0.00609584
0.00591165
0.00681676
0.00793337
0.00871168
0.00823656
0.00764641
0.00759639
0.00697928
0.00689613
0.00754906
0.00789718
0.00792675
0.00711243
0.00645766
0.0065016
0.00585121
0.00644378
0.00617356
0.00466016
0.00454492
0.0033823
0.00291219
0.00346283
0.00317624
0.00278396
0.00200387
0.00151833
0.00180699
0.00226999
0.00238121
0.00191825
0.00136097
0.00139407
0.00256458
0.00250228
0.00115254
0.000921352
0.00113236
0.00127623
0.00165808
0.00217816
0.00215304
0.00198415
0.0014288
0.000921815
0.00122203
0.00116971
0.000767031
0.000681923
0.000698255
0.000815033
0.00110856
0.00265338
0.00286208
0.00173749
0.00191349
0.00196363
0.00173187
0.00159201
0.00178164
0.00184959
0.00186156
0.00181107
0.00174486
0.00194147
0.0018506
0.0015139
0.00193905
0.00225624
0.00181303
0.00171803
0.00189791
0.00178436
0.00160096
0.00164396
0.00187629
0.00249748
0.00249449
0.0023671
0.00234205
0.00167379
0.0015559
0.00216028
0.00202859
0.00140009
0.00164159
0.00230068
0.00292766
0.00414317
0.00569525
0.00679888
0.00673448
0.00618218
0.00526367
0.0041261
0.00488087
0.00458572
0.00321377
0.00347029
0.00296897
0.00285276
0.00318023
0.00258468
0.00263628
0.0027514
0.00306089
0.00377469
0.00377455
0.00416027
0.00478131
0.00421695
0.00471437
0.00646841
0.0074317
0.00725135
0.00648835
0.00704517
0.00720613
0.00663944
0.00695277
0.00646614
0.00507388
0.00417814
0.00448647
0.00583849
0.00583895
0.00520121
0.00471468
0.00415498
0.0044879
0.00465754
0.00512201
0.00622644
0.00742856
0.00735863
0.00495828
0.00358363
0.00440685
0.00522402
0.00621322
0.00736164
0.00708506
0.00684634
0.00618046
0.00506662
0.00609596
0.00745077
0.00776956
0.00744779
0.0074386
0.00636139
0.00459482
0.00478166
0.00556419
0.00464171
0.00347995
0.00446141
0.00525622
0.00408603
0.00371387
0.00427376
0.00429347
0.00438845
0.00510935
0.00668941
0.00736666
0.00680852
0.0070843
0.00747851
0.00700286
0.00669062
0.00714451
0.00713619
0.00663933
0.0066034
0.00620571
0.00557882
0.00651405
0.0073576
0.00714398
0.00803114
0.00836585
0.00680723
0.00637217
0.00845752
0.00873676
0.00762094
0.007836
0.00683206
0.0059729
0.00688014
0.0063746
0.00523134
0.00535032
0.00606526
0.00617408
0.00549683
0.00561891
0.00543185
0.00613827
0.00773853
0.00819406
0.0072339
0.00581408
0.00521781
0.00499696
0.00478914
0.00507221
0.00517775
0.00523194
0.00598954
0.00592076
0.00551442
0.00539173
0.00437395
0.00400399
0.00410002
0.0037318
0.00324672
0.00320278
0.00351707
0.00339219
0.00342171
0.00305033
0.00326117
0.00341836
0.00357838
0.00350469
0.00360728
0.00387208
0.00354645
0.00339959
0.00452106
0.00465041
0.00410556
0.00447275
0.00404198
0.0039198
0.00425148
0.00529525
0.00506388
0.00472302
0.00505412
0.00446798
0.00387029
0.0049284
0.00470538
0.00382544
0.00649694
0.00888528
0.00960055
0.00856289
0.00707426
0.0073913
0.00654354
0.00530948
0.00611175
0.0062487
0.00490505
0.00373229
0.0034264
0.00373594
0.00447102
0.00406319
0.00380323
0.0042537
0.0034864
0.00261159
0.00253447
0.00232493
0.00222694
0.00295952
0.00278295
0.00272854
0.0029723
0.00254186
0.00191985
0.00186842
0.00200591
0.00212628
0.00233338
0.00198956
0.0023197
0.00241944
0.00166903
0.00133026
0.00121422
0.00154295
0.00190766
0.00228797
0.0039347
0.00497442
0.00348668
0.00229096
0.00233757
0.00199122
0.00205145
0.00207187
0.00161053
0.0016768
0.00178174
0.00152848
0.00139165
0.00176242
0.00226795
0.00256472
0.00294834
0.00298383
0.00209059
0.00169314
0.00224239
0.00250098
0.00235717
0.00237443
0.00224468
0.00186643
0.00176834
0.00210167
0.00289152
0.003996
0.00501592
0.00573774
0.00519835
0.00404034
0.00325157
0.00272178
0.00219108
0.00171868
0.00146079
0.00151298
0.00202392
0.00211432
0.00162395
0.00137608
0.00131562
0.0014316
0.00168505
0.00189776
0.002217
0.00191997
0.00161073
0.00207412
0.00253903
0.00236002
0.00258282
0.0029294
0.00278141
0.00223491
0.00206551
0.00229419
0.00276227
0.00360055
0.00454293
0.00435798
0.00345636
0.00308895
0.00281296
0.00281471
0.00284557
0.00233322
0.0016578
0.00144848
0.00156836
0.00194901
0.00246605
0.00331487
0.0035811
0.003712
0.00351078
0.00262446
0.00206388
0.00233371
0.00304987
0.00317441
0.00321172
0.00222765
0.00101644
0.00112947
0.00147183
0.00128129
0.00128951
0.00188527
0.00202116
0.00183327
0.00204933
0.00230855
0.00213583
0.00217252
0.00269421
0.00254918
0.00213394
0.00212227
0.00176365
0.00129951
0.00117427
0.00144076
0.00160729
0.00129511
0.00129951
0.00179062
0.00185168
0.00184087
0.00206886
0.00168386
0.00131386
0.00132579
0.00114964
0.00150071
0.00200918
0.00227668
0.00233779
0.00237063
0.00288827
0.00327568
0.00332898
0.00350022
0.00344841
0.00310424
0.00296097
0.00287217
0.00273352
0.00285299
0.00311446
0.0036985
0.00430521
0.00464661
0.00636545
0.00570814
0.00757992
0.00860813
0.00567718
0.00626134
0.00625352
0.00610653
0.00633423
0.00620652
0.00583039
0.00490187
0.00537338
0.00560202
0.0044695
0.00424956
0.00503173
0.00544387
0.00510417
0.00567097
0.00609438
0.00567618
0.00594601
0.00709345
0.00779323
0.00780416
0.00653379
0.00641228
0.00770942
0.00738616
0.00733605
0.00727654
0.00635193
0.00628762
0.00732484
0.00715544
0.00750923
0.00721052
0.00562971
0.00544991
0.00504897
0.00466088
0.00501839
0.00519948
0.00429902
0.0040927
0.00525696
0.006594
0.00695191
0.00647175
0.0053925
0.00514685
0.00525751
0.00494628
0.00586984
0.00612946
0.00535592
0.00464771
0.00442294
0.0044907
0.00505828
0.00609379
0.00634689
0.00543364
0.00475512
0.00443611
0.00516767
0.0073392
0.00677706
0.00443355
0.00418152
0.0044792
0.00458835
0.00525248
0.00542903
0.00491814
0.00432247
0.00436825
0.00536159
0.00600961
0.00609111
0.00679552
0.0076994
0.00714548
0.00683077
0.00708119
0.00670704
0.00719602
0.00696023
0.00646674
0.00681598
0.00675624
0.00797264
0.0083283
0.00642074
0.00576312
0.00578812
0.00623082
0.00706101
0.00706741
0.00721439
0.00693808
0.00581305
0.00421689
0.00391132
0.00467051
0.00480008
0.00519148
0.00543879
0.00492505
0.00444303
0.00466497
0.00507429
0.004936
0.00469768
0.00431813
0.00470353
0.00634092
0.00633939
0.00642301
0.00655453
0.00515697
0.00391641
0.00387865
0.0050367
0.0057965
0.00602498
0.00564047
0.00538915
0.0053365
0.00435295
0.00395128
0.00420645
0.00376948
0.00337737
0.00389073
0.00486779
0.00436658
0.00374865
0.00358474
0.00439107
0.00459912
0.00445318
0.00519221
0.0048771
0.00529637
0.00574817
0.00508133
0.00482053
0.00525106
0.00545329
0.00518064
0.00503222
0.00417165
0.00425055
0.0046091
0.00460502
0.00633144
0.0062839
0.00434045
0.00321564
0.00351992
0.00368598
0.00430587
0.00436992
0.00392754
0.00418978
0.00452339
0.00473497
0.00509643
0.0056177
0.0067536
0.00768453
0.00718607
0.00635251
0.00623446
0.00734377
0.00742169
0.00641546
0.00649141
0.0060847
0.00568315
0.00791726
0.00875124
0.00782563
0.00676577
0.00534985
0.00491917
0.00471558
0.00467454
0.00467726
0.00383348
0.00314078
0.00325521
0.00303876
0.00303449
0.00446153
0.0050688
0.00423039
0.00432541
0.00551429
0.00589992
0.0051676
0.00389569
0.00331592
0.00362266
0.00358685
0.00338943
0.00376493
0.00374853
0.00406078
0.005463
0.00572165
0.00594729
0.00699351
0.00647809
0.00521304
0.00542855
0.00593272
0.00571458
0.00490399
0.00538014
0.0071977
0.00790313
0.00766128
0.00716843
0.00639701
0.00641467
0.0069705
0.00654019
0.00595361
0.00565612
0.0055888
0.00620038
0.00664241
0.00748273
0.00785675
0.00712088
0.0070013
0.00672736
0.00614362
0.00597477
0.00546209
0.00484633
0.00511915
0.00511128
0.0047161
0.00479002
0.00585329
0.0066889
0.00692751
0.00683669
0.00641608
0.00590422
0.00571523
0.00577496
0.00587713
0.00724483
0.00707477
0.00645815
0.00694403
0.00697241
0.00768307
0.00771289
0.00655823
0.00673765
0.00765309
0.00675698
0.00693245
0.00730643
0.00694448
0.00800053
0.0070925
0.00648806
0.00609486
0.00517807
0.00550523
0.00455351
0.00344667
0.0039173
0.00410622
0.00394411
0.00400144
0.00358743
0.00318415
0.00407678
0.00452027
0.00447347
0.00466047
0.00471185
0.00461455
0.00422483
0.00427499
0.00434322
0.00447705
0.00423377
0.00502179
0.00508845
0.00514344
0.00654047
0.00612643
0.00714744
0.00826351
0.00736489
0.00618146
0.00516278
0.00536957
0.00561811
0.00592398
0.00530466
0.00489884
0.00504046
0.00520189
0.00507027
0.00537541
0.00608081
0.00572438
0.00543315
0.00436041
0.00347963
0.00426577
0.00527046
0.00468025
0.00460962
0.00498047
0.00445868
0.00449023
0.00460749
0.00418688
0.00443869
0.00535411
0.00562432
0.00495386
0.00401785
0.00357209
0.00318555
0.00320021
0.0035186
0.00332605
0.00273335
0.0023141
0.00237285
0.00289662
0.00268177
0.00209197
0.00275884
0.00288588
0.00240785
0.0027907
0.00325663
0.0031718
0.00240071
0.00215832
0.00224333
0.00159774
0.00109641
0.000880265
0.00111071
0.00190425
0.00228504
0.00246588
0.00285666
0.00269178
0.00246365
0.00223542
0.00201306
0.00286224
0.00303792
0.00242779
0.00243534
0.0026298
0.00332239
0.00395349
0.00376154
0.0042581
0.00377897
0.00389583
0.00495855
0.00469513
0.00403512
0.00323168
0.00429738
0.00561912
0.00502852
0.00556098
0.00681249
0.00757752
0.00733127
0.00680432
0.00650361
0.0062383
0.00649255
0.00630744
0.00585874
0.00531792
0.00553972
0.00637744
0.00699468
0.00690883
0.00732678
0.00808763
0.00609871
0.00448968
0.00498654
0.00504517
0.00499239
0.00409267
0.00377358
0.00430261
0.0041578
0.00384587
0.00428157
0.00535057
0.00630046
0.0060793
0.00520083
0.0039005
0.0035491
0.00407712
0.00502323
0.00526826
0.0043576
0.00430737
0.00442937
0.00494875
0.00480876
0.00430095
0.00491775
0.00587432
0.00678189
0.00693159
0.00666844
0.00674868
0.00845716
0.00837475
0.00659739
0.00736582
0.00755014
0.00675165
0.00726793
0.0081204
0.00728231
0.00631451
0.00597951
0.00640185
0.0082878
0.00899573
0.00760231
0.00670283
0.00617068
0.00582369
0.00625314
0.005845
0.00529056
0.00571474
0.00678001
0.0076378
0.00811193
0.00885508
0.00884176
0.00751837
0.00580052
0.00489984
0.00488931
0.00455127
0.00460831
0.00458213
0.00378291
0.0037855
0.00425358
0.00404477
0.00346671
0.00326498
0.00351861
0.00456011
0.00573637
0.00521504
0.00437915
0.00463179
0.00431432
0.00342219
0.00377182
0.0042699
0.00393282
0.00396478
0.00427113
0.00403127
0.00355574
0.00341971
0.00400297
0.00395899
0.00339197
0.0027069
0.00231225
0.00287191
0.00309627
0.00253992
0.00197031
0.00242588
0.00235395
0.00225861
0.00205829
0.001596
0.00183089
0.0019495
0.00218896
0.00231429
0.00236753
0.00291239
0.00316586
0.00282365
0.00211137
0.00197902
0.0035018
0.00421073
0.00445935
0.00546776
0.00551203
0.00530836
0.00614129
0.005449
0.00354354
0.00271773
0.00265983
0.00233987
0.00160069
0.00204258
0.00329981
0.00458279
0.00460992
0.00324076
0.00312997
0.0034169
0.00404197
0.00371248
0.00328541
0.00435744
0.00527284
0.00574433
0.00560087
0.00534842
0.00584808
0.00646795
0.00523256
0.00520172
0.00654786
0.00606698
0.00587825
0.00485766
0.00423172
0.00622762
0.00624902
0.00663185
0.00814484
0.00693979
0.00591052
0.00631015
0.0056761
0.006295
0.00805802
0.0067858
0.0043615
0.00540221
0.00592378
0.00422646
0.00391442
0.00445037
0.0043744
0.00441678
0.00535814
0.00466907
0.00416725
0.00520206
0.00495773
0.0040531
0.00416761
0.00491575
0.0048393
0.00524616
0.00672391
0.0070951
0.00745203
0.00751634
0.00627061
0.00505494
0.00581928
0.00756785
0.00641944
0.0049495
0.00559867
0.0060642
0.00562416
0.00621901
0.00646951
0.00591284
0.00613587
0.00576234
0.00485475
0.00367764
0.00438201
0.00524661
0.0054553
0.00667346
0.0065822
0.00617727
0.00564871
0.00519521
0.00583426
0.0061144
0.00581447
0.0061374
0.00560528
0.00572291
0.00769911
0.00734349
0.0059307
0.00571933
0.00624924
0.00788158
0.00810979
0.00766158
0.00786639
0.00645131
0.00505029
0.00519687
0.00464191
0.00389822
0.00366148
0.00430273
0.00546401
0.00476818
0.00387206
0.00377753
0.00369858
0.00431232
0.00482331
0.00451904
0.00378542
0.00307025
0.00278356
0.00273748
0.00246382
0.00265978
0.00319477
0.00388674
0.00481062
0.00530695
0.00773051
0.00975418
0.00936093
0.0083517
0.0072443
0.00565309
0.00494055
0.00552635
0.00586373
0.00643977
0.00525547
0.00395837
0.00442678
0.00454644
0.00370168
0.00466224
0.00675422
0.00666733
0.00492037
0.00462953
0.00536853
0.00540622
0.00638449
0.00693503
0.00700236
0.007219
0.00721991
0.00600173
0.0050825
0.0051751
0.0045287
0.00424025
0.00467907
0.00457849
0.00356153
0.0041299
0.00530212
0.00501827
0.00516818
0.005539
0.00524298
0.00503414
0.00583394
0.00640474
0.00580217
0.00526599
0.00492778
0.00437744
0.00359999
0.00382103
0.00433484
0.00455277
0.00377459
0.00319479
0.00384398
0.0033731
0.00324958
0.00359258
0.00357126
0.00327744
0.00287552
0.00289155
0.00330148
0.00424767
0.00496892
0.00475054
0.00389185
0.00423735
0.00467463
0.00439207
0.00514678
0.00554656
0.00467885
0.00509265
0.00521698
0.0038301
0.0042072
0.00435725
0.00383652
0.0045184
0.00495996
0.00503054
0.00609061
0.00745132
0.00747219
0.00640362
0.00553259
0.00595685
0.00757179
0.00730308
0.00562178
0.00528619
0.0046576
0.0042688
0.00464904
0.00477672
0.00522481
0.00592587
0.00562578
0.00573066
0.00644039
0.00685868
0.00782847
0.00736814
0.00710641
0.00803532
0.00711276
0.00575645
0.00605722
0.0066699
0.00551733
0.00414733
0.00487813
0.00599628
0.00800124
0.0092462
0.00720596
0.00521537
0.00537033
0.00577339
0.00546274
0.00457895
0.00415551
0.00557686
0.00686476
0.00582515
0.00481141
0.00562354
0.005548
0.0052135
0.0046988
0.00388708
0.00349276
0.00324125
0.00255114
0.00276768
0.00448409
0.00497541
0.00439161
0.00412214
0.0039213
0.00378257
0.0038881
0.00367503
0.00445924
0.00526076
0.00563299
0.00566145
0.00569045
0.00681037
0.00762787
0.0073096
0.00646882
0.00569535
0.00489925
0.00455508
0.00478821
0.00485122
0.00467001
0.00493461
0.00587828
0.00702594
0.00797374
0.00773045
0.00641072
0.00545185
0.00630338
0.00640287
0.00501498
0.00554091
0.005559
0.00607134
0.00904739
0.00869239
0.0062759
0.0053883
0.00544272
0.0056363
0.00598791
0.00707892
0.00673383
0.00576739
0.00688282
0.00715903
0.00576034
0.00580373
0.00558466
0.00506917
0.0046941
0.00489473
0.00583448
0.00686649
0.00768775
0.00706102
0.00572497
0.00452591
0.00639995
0.00788464
0.0067787
0.00692056
0.00693541
0.00577832
0.00469865
0.00504999
0.00472656
0.0045402
0.00557267
0.00593291
0.00621769
0.00685402
0.00662444
0.00608122
0.00655067
0.00710831
0.00686554
0.00596468
0.00496346
0.00489317
0.00568143
0.00591662
0.00551744
0.00456744
0.0032119
0.00259696
0.00264145
0.00241757
0.0023474
0.00238834
0.00219898
0.00281488
0.00427107
0.00433898
0.00377272
0.00372528
0.0033596
0.00328149
0.00296252
0.00239613
0.00243074
0.0017916
0.00112348
0.00181509
0.00236315
0.00246853
0.00250641
0.00202791
0.00174296
0.00172986
0.00167864
0.00145225
0.00123124
0.00110828
0.000927266
0.00098674
0.00117602
0.00154208
0.0017922
0.00132089
0.00106175
0.00150264
0.00162797
0.00177908
0.00158607
0.00111186
0.00103632
0.00121455
0.00109592
0.000656514
0.000689223
0.000859743
0.000934824
0.00241102
0.00360797
0.00289297
0.0031186
0.00290742
0.00205717
0.0020495
0.00152013
0.00116143
0.00146384
0.00199706
0.0024186
0.00236889
0.00191411
0.00161952
0.00140732
0.00212213
0.00154801
0.000539213
0.00139746
0.00164348
0.00152866
0.00192683
0.00211383
0.00280545
0.00403855
0.00389153
0.0037796
0.00539228
0.00665677
0.00629272
0.00635972
0.00631024
0.00556838
0.0051794
0.00438577
0.00358508
0.00345089
0.00368424
0.0043053
0.00316838
0.00201279
0.00117793
0.00588289
0.00838513
0.00530381
0.00542825
0.0058033
0.0064907
0.00588615
0.00552701
0.00686969
0.00678135
0.00639596
0.00754093
0.00822592
0.00752952
0.00656514
0.00626576
0.00582188
0.00651655
0.00786449
0.00726279
0.00628632
0.00667143
0.00657043
0.00596862
0.00547485
0.00584551
0.0059238
0.00619739
0.00667971
0.00642465
0.0071146
0.0068397
0.0058754
0.00584462
0.00579437
0.00601878
0.0065805
0.00726613
0.00724173
0.00588461
0.00484076
0.00448581
0.00400853
0.00401414
0.00344076
0.00269804
0.00279753
0.00372865
0.00502356
0.00470589
0.00380478
0.00362874
0.00393245
0.0038438
0.00412339
0.00480095
0.00430645
0.00396627
0.00475442
0.00430558
0.00344135
0.00472034
0.00490288
0.00318542
0.00277932
0.00322108
0.00324598
0.00385956
0.00397468
0.00359633
0.00357437
0.00290273
0.00348157
0.00346865
0.00453125
0.00547486
0.00456476
0.00517237
0.00540177
0.00431173
0.00477246
0.00679281
0.00705347
0.00650785
0.00666177
0.00715655
0.00688863
0.00692048
0.00665406
0.00705452
0.007212
0.00603764
0.00597612
0.006018
0.0054679
0.00612711
0.00726221
0.00656443
0.0054617
0.00533796
0.00523354
0.0055273
0.00695285
0.00682054
0.00567554
0.00511354
0.00464566
0.00369082
0.00241909
0.00219948
0.003182
0.00366248
0.00412428
0.00468666
0.0037494
0.00287013
0.00363081
0.00327282
0.00243993
0.00339078
0.00350324
0.00378367
0.00341122
0.00307079
0.00359259
0.00259928
0.00213797
0.00294809
0.00320941
0.00291714
0.00304426
0.00248443
0.00188867
0.00277808
0.00308105
0.00222966
0.00237791
0.00351199
0.00390405
0.00380438
0.00426953
0.00453273
0.00524763
0.00479912
0.00444532
0.00550809
0.00609773
0.00586362
0.00588459
0.00691765
0.00698371
0.00719484
0.00652415
0.00520714
0.00580063
0.00650655
0.00612194
0.00565622
0.00559813
0.00582077
0.00579302
0.00600648
0.00657033
0.00777855
0.00820331
0.00753084
0.00704269
0.00822276
0.00870674
0.0072264
0.00702091
0.00694026
0.00626894
0.0052036
0.00484957
0.00512523
0.00444221
0.00379394
0.00359562
0.00406674
0.00418316
0.0036978
0.00437515
0.00532123
0.00572094
0.00542576
0.00501745
0.00426646
0.0033418
0.00366777
0.00442625
0.00465736
0.00484267
0.00411904
0.00384489
0.00472157
0.00601481
0.00662035
0.00651845
0.00665715
0.00563852
0.00507949
0.0049508
0.00460227
0.00498736
0.00520307
0.00560147
0.00627178
0.00607917
0.00684416
0.00801763
0.00797945
0.00809977
0.00778814
0.00802714
0.00734593
0.00620995
0.00684405
0.00722527
0.00694391
0.00600809
0.00646186
0.00782906
0.00768468
0.00647656
0.00588932
0.0062109
0.00620407
0.00685952
0.00650475
0.00657664
0.00689292
0.00627019
0.00661642
0.00712732
0.0073332
0.00646937
0.00552684
0.00548292
0.00590549
0.0057529
0.00520977
0.00583251
0.00599917
0.00576491
0.00591589
0.00632134
0.00651382
0.00744536
0.00744559
0.00737937
0.00747942
0.00640417
0.00719238
0.00651667
0.00576263
0.00644778
0.00670292
0.00642606
0.00602799
0.00657939
0.00692732
0.00673237
0.00704901
0.00716307
0.00677517
0.00634307
0.00716595
0.00730627
0.00684011
0.00686358
0.00648799
0.00696609
0.00734399
0.00800727
0.00920515
0.00830449
0.00605262
0.00531902
0.00542692
0.00493799
0.00504468
0.00570977
0.00591389
0.00570658
0.00585012
0.00643571
0.00774966
0.00643687
0.00425362
0.00523311
0.00827327
0.00917526
0.00678504
0.00614015
0.00591271
0.00606238
0.0060485
0.0050961
0.00452869
0.00433081
0.00490881
0.00436222
0.00356747
0.00379814
0.00395722
0.00376406
0.00357663
0.00428992
0.00461743
0.0048046
0.00653849
0.00740185
0.00733379
0.00727832
0.00653467
0.00580281
0.00586948
0.0066419
0.0078326
0.00793388
0.00784718
0.0071832
0.00610215
0.00527889
0.00520139
0.00625429
0.00681383
0.00732325
0.00702374
0.00661201
0.00596576
0.00555365
0.00551824
0.00550296
0.00397919
0.00207936
0.00375875
0.00643098
0.00665194
0.00543417
0.0053135
0.00578339
0.00525353
0.00542956
0.00639255
0.00596632
0.00612799
0.00812693
0.00810686
0.00737865
0.00813727
0.00761698
0.00685971
0.00600803
0.00450242
0.00575074
0.00641034
0.00557329
0.00615243
0.0063718
0.00574272
0.00533876
0.00569489
0.00584525
0.00545187
0.00427307
0.00388665
0.0049505
0.00592697
0.00592474
0.00581105
0.00610627
0.00608106
0.00564049
0.00541394
0.00694506
0.00803288
0.00624909
0.00561075
0.00572388
0.00452858
0.00355075
0.00341853
0.00362884
0.00390177
0.00371674
0.00412699
0.00486115
0.00415265
0.00336789
0.00336756
0.00416655
0.00479178
0.0051821
0.00454017
0.00393573
0.00417518
0.00415332
0.00406642
0.00368808
0.00446507
0.00476848
0.00432843
0.00561563
0.00552392
0.00569751
0.00655172
0.00618318
0.0069436
0.0071229
0.00720467
0.00793465
0.00832746
0.00916238
0.00912656
0.00810816
0.00801143
0.00715029
0.00546026
0.00463418
0.00390299
0.00454512
0.00453831
0.00449129
0.0049886
0.00528234
0.00564198
0.00619189
0.00586925
0.00487352
0.00565108
0.00613554
0.0046665
0.00397374
0.00543963
0.00583853
0.00546645
0.00507915
0.0053122
0.00674701
0.00872989
0.00838836
0.00683632
0.00645469
0.0061616
0.00636449
0.00592904
0.00487436
0.00513682
0.00611521
0.00680804
0.0071961
0.00700731
0.00698947
0.00796495
0.00733951
0.0056532
0.00626411
0.00684051
0.00596874
0.00513696
0.00457731
0.00466706
0.0044836
0.00324609
0.00315469
0.00371147
0.00401945
0.00413753
0.00331949
0.00284283
0.00264126
0.00263759
0.00363389
0.00333984
0.00246136
0.0030303
0.00375551
0.0037713
0.00333784
0.0035935
0.00394231
0.00346536
0.00262262
0.00200786
0.00178509
0.0014084
0.00132062
0.00139597
0.00229731
0.00227911
0.00157518
0.00208481
0.00164998
0.00109774
0.00136226
0.00150114
0.00153929
0.00130379
0.00128207
0.00170079
0.00214055
0.00235836
0.00216186
0.00197161
0.00200328
0.00201263
0.00168884
0.00139483
0.00129852
0.00135817
0.00181361
0.00195798
0.00174807
0.0021024
0.00262573
0.00226445
0.00174458
0.00299216
0.00326696
0.00288156
0.00366381
0.00379783
0.00323098
0.00250891
0.00254823
0.00234788
0.00210963
0.00182092
0.00134487
0.00124482
0.00146701
0.00167961
0.00195367
0.00210452
0.00176937
0.00187551
0.0019171
0.00160746
0.00217835
0.00322627
0.00349407
0.00240518
0.00168012
0.00223391
0.00243134
0.00333753
0.00392123
0.00400836
0.00514394
0.00540022
0.00450624
0.00376672
0.00367409
0.00351482
0.00348303
0.00353821
0.00331595
0.00321615
0.00311991
0.00328435
0.00351843
0.00326676
0.00312161
0.00316613
0.00335827
0.00370772
0.00333552
0.00380016
0.00482466
0.00503886
0.00553624
0.0073626
0.00738361
0.00698832
0.00755889
0.00674018
0.00632362
0.00577341
0.00518179
0.0054934
0.00567948
0.0060444
0.00669305
0.00616134
0.00537503
0.005705
0.00349977
0.000409393
0.00055883
0.0030804
0.0053512
0.00676949
0.00680957
0.00564214
0.00576047
0.0055794
0.00487377
0.00471813
0.00519173
0.00660626
0.00716518
0.00632584
0.00626942
0.00644596
0.00534463
0.00435664
0.00464699
0.00544253
0.00627277
0.00700709
0.00849374
0.00783302
0.0070348
0.00698309
0.00687882
0.00666515
0.00558987
0.00589061
0.00631881
0.00728838
0.0083898
0.00798797
0.00723703
0.00578542
0.00512961
0.0053475
0.00516819
0.00618161
0.00643082
0.00600522
0.00545156
0.00520729
0.00504914
0.0042452
0.00448316
0.00475543
0.00437738
0.00431675
0.00489315
0.00497629
0.0047018
0.00474683
0.00453921
0.00419246
0.004488
0.00502513
0.00500903
0.00522135
0.00494927
0.00443829
0.00513605
0.00564965
0.00558227
0.00569187
0.00609742
0.0064484
0.00602531
0.00595523
0.00631338
0.00680185
0.00672995
0.00648788
0.00582408
0.00527258
0.00675506
0.00694349
0.00581188
0.00540429
0.00569065
0.00667018
0.00693412
0.00653975
0.00610146
0.00602228
0.00626275
0.00689823
0.00733167
0.00694125
0.00742656
0.00785725
0.00789933
0.00784003
0.00690806
0.00590232
0.00580989
0.00636725
0.00664169
0.00649204
0.00593451
0.00652698
0.00768977
0.00779115
0.00777953
0.00674908
0.00514084
0.00393847
0.00390406
0.00441622
0.00424049
0.00448178
0.0041624
0.00425912
0.00538043
0.00528527
0.00582977
0.00636409
0.0053918
0.00427068
0.00418495
0.00414537
0.00378556
0.00442413
0.00468589
0.00487468
0.00470475
0.0047506
0.00497368
0.00486744
0.00505264
0.00474521
0.00436097
0.00457606
0.00434995
0.00345702
0.00325726
0.00373562
0.00405311
0.00351028
0.00367447
0.00446691
0.00421192
0.00348934
0.00338198
0.00478279
0.00497782
0.00342765
0.00364175
0.00419805
0.00347593
0.00303924
0.00286732
0.00279997
0.00274319
0.00346786
0.00355308
0.00320445
0.00411456
0.00426615
0.00430879
0.00388437
0.00361618
0.00402955
0.00396291
0.00341443
0.00259913
0.00304187
0.00413055
0.00420559
0.00407954
0.00500068
0.00553301
0.0058428
0.00661234
0.00649173
0.00575363
0.00525191
0.00561275
0.00613981
0.00720337
0.00710787
0.00501427
0.00409547
0.00480814
0.00520333
0.00457014
0.00451422
0.0054066
0.00582572
0.00550556
0.00480596
0.00427482
0.00434821
0.00485778
0.00481113
0.00429678
0.00398771
0.00369626
0.00414218
0.00415586
0.00466437
0.00505137
0.00455885
0.00433051
0.00507466
0.00532806
0.00445939
0.00352819
0.00346412
0.00474038
0.00432129
0.00311169
0.00316439
0.00315151
0.00348738
0.00493116
0.00531634
0.00486671
0.005836
0.0065993
0.00585723
0.00522757
0.00471702
0.00404759
0.00526504
0.00637353
0.00570629
0.00492195
0.00442747
0.00457903
0.00529314
0.00625796
0.00620275
0.00535856
0.00505367
0.00506377
0.00617465
0.00693023
0.00518439
0.00480739
0.00556785
0.00493006
0.004351
0.0048805
0.00504406
0.00473716
0.00520726
0.00460871
0.00465495
0.00565009
0.00586999
0.0056954
0.00566042
0.0052412
0.00414601
0.00434389
0.00416927
0.00374243
0.00403681
0.00573635
0.00723293
0.00623106
0.00389123
0.00112482
0.00149141
0.00417244
0.00396377
0.00234025
0.00276192
0.00418889
0.00429146
0.00372546
0.00413366
0.00399298
0.00352602
0.00300701
0.00342179
0.00389974
0.00287685
0.00256708
0.00230627
0.00226081
0.00196193
0.00160742
0.00159655
0.00116104
0.00238181
0.00325169
0.00350549
0.00305555
0.00248436
0.00263819
0.00235223
0.00279867
0.00311053
0.00263712
0.00248143
0.00290537
0.00331859
0.00422638
0.00399988
0.00280191
0.00287001
0.00292116
0.00317726
0.00344522
0.00342646
0.00314726
0.00231727
0.00283881
0.00351333
0.0042347
0.0053435
0.00444592
0.00331534
0.00298098
0.00308667
0.00355035
0.00376841
0.00369674
0.00367034
0.00414586
0.00350811
0.00271787
0.00224939
0.00323839
0.00452291
0.00397882
0.0036326
0.00418096
0.00436886
0.00491425
0.00528789
0.00497009
0.00463082
0.00368021
0.00295424
0.00336452
0.003366
0.00310798
0.00386477
0.00416318
0.00438059
0.00453157
0.00512535
0.00591605
0.00533183
0.00505006
0.00539555
0.00473453
0.00471532
0.00456927
0.00424902
0.00379547
0.00393117
0.00452439
0.00347223
0.00405287
0.00492843
0.00423912
0.00476381
0.00560874
0.00588437
0.0057265
0.00586145
0.00590272
0.00498886
0.0050315
0.00565224
0.00513593
0.00559997
0.00674915
0.00639842
0.0063363
0.00693902
0.00639587
0.00585429
0.00692049
0.00673136
0.00638326
0.00637236
0.00510112
0.00509254
0.00578139
0.00637632
0.00735553
0.00790117
0.00700861
0.00582124
0.00580157
0.00622096
0.00610379
0.0063667
0.00667539
0.00651699
0.00684078
0.00600734
0.00574298
0.00592282
0.00554034
0.00538296
0.00576572
0.00601692
0.00556572
0.00507698
0.00514131
0.0056231
0.00572973
0.00562024
0.00528673
0.00515737
0.00592114
0.00668769
0.00542915
0.00391257
0.00411006
0.00525597
0.00508078
0.00396744
0.00477401
0.00539476
0.00443611
0.00408898
0.00357265
0.00341248
0.00459001
0.00430595
0.00283603
0.00328592
0.00409259
0.00409104
0.00483577
0.00506614
0.00331844
0.00227374
0.00264442
0.00340784
0.00333196
0.00276806
0.00298721
0.00257775
0.00212581
0.0027963
0.00286631
0.00222653
0.00233964
0.00365204
0.00390608
0.00447782
0.00549917
0.00466332
0.00444434
0.00482911
0.00438684
0.00455538
0.00528931
0.00498991
0.00461144
0.00439216
0.00441586
0.00474737
0.00503118
0.00489692
0.00399769
0.00402495
0.00583717
0.0059937
0.00577164
0.00551848
0.00548541
0.00594425
0.00595394
0.00519693
0.00474818
0.00567632
0.00515985
0.00436037
0.00466852
0.00631972
0.00708581
0.00679503
0.00670408
0.00636303
0.00546849
0.00447338
0.00491037
0.00470208
0.00404877
0.00513661
0.00682834
0.00718705
0.00583517
0.00496369
0.00525736
0.00639564
0.00729047
0.00675454
0.0071821
0.00726392
0.0068539
0.0068679
0.00701707
0.00692586
0.00611122
0.00643872
0.00714373
0.00667787
0.00689252
0.011808
0.0160877
0.00982596
0.00480517
0.0053875
0.00566513
0.00725778
0.00830025
0.0074946
0.0073294
0.00791115
0.00801092
0.0112809
0.00859997
0.00176061
